909069
909070
909071
909072
909073
909074
909075
909076
909077
909078
909079
909080
909081
909082
909083
909084
909085
909086
909087
909088
909089
909090
909091
909092
909093
909094
909095
909096
909097
909098
909099
909100
909101
909102
909103
909104
909105
909106
909107
909108
909109
909110
909111
909112
909113
909114
909115
909116
909117
909118
909119
909120
909121
909122
909123
909124
909125
909126
909127
909128
909129
909130
909131
909132
909133
909134
909135
909136
909137
909138
146942
146954
146941
146946
146949
146901
146955
146902
146903
146952
146890
146927
146928
146920
146919
146945
146922
146904
146930
146921
146947
146893
146911
146938
146910
146889
146958
146937
146936
146891
146912
146935
146897
146899
146917
146918
146944
146934
146892
146929
146906
146948
146908
146950
146907
146939
146923
146924
146909
146951
146894
146900
146940
146914
146915
146931
146943
146895
146932
146916
146956
146926
146933
146896
146905
146957
146925
146898
146913
146953
909139
909140
909141
909142
909143
909144
909145
909146
909147
909148
909149
909150
909151
909152
909153
909154
909155
909156
909157
909158
909159
909160
909161
909162
909163
909164
909165
909166
909167
909168
909169
909170
909171
909172
909173
909174
909175
909176
909177
909178
909179
909180
909181
909182
909183
909184
909185
909186
909187
909188
909189
909190
909191
909192
909193
909194
909195
909196
909197
909198
909199
909200
909201
909202
909203
909204
909205
909206
909207
909208
186142
186154
186141
186146
186149
186101
186155
186102
186103
186152
186090
186127
186128
186120
186119
186145
186122
186104
186130
186121
186147
186093
186111
186138
186110
186089
186158
186137
186136
186091
186112
186135
186097
186099
186117
186118
186144
186134
186092
186129
186106
186148
186108
186150
186107
186139
186123
186124
186109
186151
186094
186100
186140
186114
186115
186131
186143
186095
186132
186116
186156
186126
186133
186096
186105
186157
186125
186098
186113
186153
909209
909210
909211
909212
909213
909214
909215
909216
909217
909218
909219
909220
909221
909222
909223
909224
909225
909226
909227
909228
909229
909230
909231
909232
909233
909234
909235
909236
909237
909238
909239
909240